"","t2","t3","t4","t5","t6"
"Run4_120703408880541",0.092,0.7,0.106,0.056,0.046
"Run4_120703409056541",0.164,0.372,0.04,0.31,0.114
"Run4_120703409580963",0.132,0.088,0.07,0.042,0.668
"Run4_120703423990708",0.014,0.088,0.01,0.014,0.874
"Run4_120703424252854",0.028,0.114,0.18,0.564,0.114
"Run4_120703436053366",0.302,0.52,0.054,0.07,0.054
"Run4_120703436057910",0.504,0.192,0.078,0.086,0.14
"Run4_120703436876077",0.046,0.302,0.156,0.42,0.076
"Run4_120703455025387",0.072,0.322,0.088,0.484,0.034
"Run4_120726911638237",0.132,0.47,0.052,0.208,0.138
"Run4_120726912355038",0.048,0.156,0.144,0.158,0.494
"Run4_120726924974443",0.018,0.162,0.158,0.046,0.616
"Run4_120726924978030",0.02,0.08,0.204,0.474,0.222
"Run4_120726943295348",0.018,0.1,0.03,0.008,0.844
"Run4_120726943845302",0.016,0.12,0.014,0.014,0.836
"Run4_120772961130853",0.04,0.514,0.104,0.222,0.12
"Run4_120772961168292",0.012,0.836,0.052,0.026,0.074
"Run4_120786758780660",0.022,0.36,0.112,0.44,0.066
"Run4_120786786086116",0.044,0.366,0.032,0.54,0.018
"Run4_120786804205803",0.022,0.12,0.096,0.648,0.114
"Run4_120786804401973",0.074,0.536,0.138,0.188,0.064
"Run4_120797898099934",0.014,0.05,0.244,0.012,0.68
"Run4_120797898946870",0.702,0.27,0.004,0.008,0.016
"Run4_120797925428019",0.024,0.058,0.068,0.736,0.114
"Run4_120797944278244",0.288,0.58,0.058,0.05,0.024
"Run4_120797944309486",0.394,0.518,0.032,0.032,0.024
"Run4_120797944462237",0.042,0.158,0.104,0.5,0.196
"Run4_120797944538971",0.17,0.664,0.052,0.07,0.044
"Run4_120797945018284",0.786,0.176,0.008,0.012,0.018
"Run4_120797945084765",0.062,0.106,0.272,0.418,0.142
"Run4_120864497952619",0.004,0.002,0.962,0.008,0.024
"Run4_120864498109163",0.016,0.072,0.036,0.864,0.012
"Run4_121202296155437",0.098,0.698,0.084,0.074,0.046
"Run4_121202296407845",0.016,0.148,0.096,0.712,0.028
"Run4_121202296712412",0.004,0.016,0.938,0.036,0.006
"Run4_121202296875939",0.104,0.488,0.118,0.204,0.086
"Run4_121202311609131",0.04,0.136,0.444,0.066,0.314
"Run4_121202323408629",0.04,0.052,0.04,0.022,0.846
"Run4_121202323971293",0.096,0.088,0.18,0.228,0.408
"Run4_121202324139420",0.016,0.05,0.826,0.038,0.07
"Run4_121276814544302",0.018,0.164,0.068,0.594,0.156
"Run4_121276814768869",0.02,0.046,0.106,0.792,0.036
"Run4_121319782803691",0.024,0.12,0.084,0.672,0.1
"Run4_121338017995180",0.192,0.49,0.092,0.132,0.094
"Run4_121339869292318",0.012,0.036,0.024,0.036,0.892
"Run4_121339869579045",0.062,0.59,0.08,0.196,0.072
"Run4_121339870034742",0.034,0.152,0.094,0.692,0.028
"Run4_121339884197670",0.106,0.612,0.104,0.106,0.072
"Run4_121339897375467",0.03,0.104,0.284,0.512,0.07
"Run4_121339915976030",0.084,0.424,0.098,0.27,0.124
"Run4_121742671661982",0.976,0.02,0,0.002,0.002
"Run4_121742672218843",0.006,0.046,0.196,0.652,0.1
"Run4_121742684731182",0.05,0.144,0.132,0.496,0.178
"Run4_121812464876332",0.038,0.056,0.172,0.608,0.126
"Run4_121812465170790",0.918,0.068,0,0.008,0.006
"Run4_121812477504803",0.04,0.07,0.054,0.63,0.206
"Run4_121812477659372",0.032,0.094,0.084,0.22,0.57
"Run4_121812478016931",0.134,0.752,0.048,0.026,0.04
"Run4_121812496309539",0.034,0.056,0.826,0.018,0.066
"Run4_121812496627629",0.014,0.056,0.214,0.492,0.224
"Run4_121826140407589",0.188,0.252,0.108,0.25,0.202
"Run4_121826154859894",0.022,0.618,0.04,0.202,0.118
"Run4_121826167679902",0.002,0.02,0.016,0.04,0.922
"Run4_121826168138163",0.07,0.582,0.06,0.242,0.046
"Run4_121826168195803",0.036,0.094,0.054,0.03,0.786
"Run4_121826187070251",0.048,0.284,0.124,0.426,0.118
"Run4_121879156964651",0.096,0.338,0.156,0.364,0.046
"Run4_121896068106075",0.012,0.06,0.028,0.014,0.886
"Run4_121896068373812",0.02,0.08,0.096,0.722,0.082
"Run4_121896095574750",0.014,0.044,0.49,0.022,0.43
"Run4_121896095603508",0.018,0.168,0.182,0.2,0.432
"Run4_121896114436398",0.02,0.094,0.808,0.006,0.072
"Run4_121955406802230",0.044,0.636,0.08,0.116,0.124
"Run4_121955407021878",0.112,0.706,0.048,0.072,0.062
"Run4_121955407285596",0.376,0.328,0.106,0.126,0.064
"Run4_121955419114358",0.022,0.4,0.124,0.36,0.094
"Run4_121955419114862",0.006,0.078,0.22,0.588,0.108
"Run4_121965741528803",0.902,0.07,0.008,0.01,0.01
"Run4_121965753884006",0.01,0.044,0.652,0.15,0.144
"Run4_121965754366373",0.012,0.044,0.026,0.034,0.884
"Run4_121965773241694",0.568,0.396,0.012,0.014,0.01
"Run4_122282776423132",0.068,0.27,0.37,0.116,0.176
"Run4_122282795515302",0.094,0.542,0.056,0.246,0.062
"Run4_122282795519324",0.018,0.054,0.078,0.732,0.118
"Run4_122282795812787",0.058,0.662,0.066,0.142,0.072
"Run4_122282795818213",0.022,0.03,0.126,0.76,0.062
"Run4_122293352294813",0.018,0.048,0.152,0.736,0.046
"Run4_122293366708085",0.024,0.316,0.12,0.462,0.078
"Run4_122293367462116",0.014,0.018,0.116,0.802,0.05
"Run4_122293367564598",0.514,0.414,0.03,0.022,0.02
"Run4_122293398198509",0.014,0.078,0.042,0.022,0.844
"Run4_122293399013212",0.082,0.338,0.142,0.146,0.292
"Run4_122308384450908",0.006,0.052,0.736,0.072,0.134
"Run4_122308399066019",0.022,0.056,0.208,0.628,0.086
"Run4_122308412463406",0.012,0.052,0.034,0.896,0.006
"Run4_122308430620398",0.172,0.228,0.296,0.192,0.112
"Run4_122310412323676",0.018,0.06,0.846,0.044,0.032
"Run4_122310412626206",0.016,0.08,0.046,0.024,0.834
"Run4_122310424910766",0,0.01,0.164,0.788,0.038
"Run4_122310444373789",0.11,0.26,0.178,0.418,0.034
"Run4_122428778498790",0.022,0.064,0.298,0.064,0.552
"Run4_122428793175326",0.306,0.564,0.026,0.092,0.012
"Run4_122428793187699",0.058,0.158,0.118,0.486,0.18
"Run4_122428823883116",0.018,0.048,0.028,0.774,0.132
"Run4_122428824140061",0.224,0.236,0.166,0.292,0.082
"Run4_122428824599908",0.008,0.038,0.848,0.092,0.014
"Run4_122436428412653",0.09,0.276,0.366,0.204,0.064
"Run4_122436428609325",0.158,0.604,0.096,0.076,0.066
"Run4_122436443094253",0.036,0.558,0.062,0.314,0.03
"Run4_122436443330286",0.028,0.084,0.014,0.012,0.862
"Run4_122436456212725",0.02,0.088,0.31,0.452,0.13
"Run4_122436474493213",0.044,0.066,0.128,0.06,0.702
"Run4_122436475018661",0.072,0.092,0.314,0.322,0.2
"Run4_122514677619036",0.068,0.324,0.082,0.298,0.228
"Run4_122514692500702",0.156,0.544,0.11,0.126,0.064
"Run4_122514723751852",0.018,0.048,0.044,0.02,0.87
"Run4_125042399558901",0.012,0.024,0.018,0.918,0.028
"Run4_125042400315742",0.076,0.162,0.032,0.538,0.192
"Run4_125042414278451",0.01,0.156,0.624,0.144,0.066
"Run4_125042414733164",0.694,0.28,0.014,0.008,0.004
"Run4_125042426763101",0.128,0.522,0.076,0.242,0.032
"Run4_125042445641635",0.002,0.036,0.208,0.054,0.7
"Run4_125197018315102",0.03,0.16,0.034,0.012,0.764
"Run4_125197033818014",0.026,0.078,0.51,0.082,0.304
"Run4_125197045586333",0,0,0,0,1
"Run4_125197046212445",0.03,0.026,0.116,0.568,0.26
"Run4_125197046434094",0.082,0.448,0.072,0.308,0.09
"Run4_125239714305827",0.79,0.192,0.002,0.004,0.012
"Run4_125239714765020",0,0,0,0,1
"Run4_125239745961379",0.024,0.082,0.042,0.036,0.816
"Run4_125239746509676",0.07,0.316,0.158,0.388,0.068
"Run4_125247350487987",0.088,0.8,0.068,0.018,0.026
"Run4_125247350523828",0.192,0.554,0.104,0.12,0.03
"Run4_125247364709155",0.008,0.03,0.064,0.86,0.038
"Run4_125247364970933",0.116,0.846,0.018,0.006,0.014
"Run4_125247377566965",0.024,0.06,0.054,0.82,0.042
"Run4_125677920545627",0.064,0.628,0.042,0.202,0.064
"Run4_125677920769780",0.036,0.166,0.046,0.724,0.028
"Run4_125677920967478",0.042,0.148,0.048,0.754,0.008
"Run4_125677920970611",0.026,0.042,0.126,0.708,0.098
"Run4_125677921254187",0.018,0.014,0.106,0.342,0.52
"Run4_125677921266413",0.156,0.5,0.058,0.228,0.058
"Run4_125677947799403",0.06,0.098,0.074,0.496,0.272
"Run4_125677966585070",0.144,0.488,0.1,0.148,0.12
"Run4_125677967206756",0.026,0.11,0.138,0.618,0.108
"Run4_125719945276334",0.096,0.282,0.148,0.418,0.056
"Run4_125719945333155",0.324,0.494,0.036,0.064,0.082
"Run4_125719976725363",0.084,0.464,0.176,0.206,0.07
"Run4_125719977541037",0.004,0.038,0.882,0.026,0.05
"Run4_125719977548197",0.012,0.036,0.794,0.026,0.132
"Run4_125728252684085",0.068,0.08,0.442,0.074,0.336
"Run4_125728252905323",0.036,0.304,0.132,0.488,0.04
"Run4_125728266829044",0.012,0.138,0.106,0.552,0.192
"Run4_125728267127014",0.01,0.064,0.06,0.016,0.85
"Run4_125728267327389",0.014,0.018,0.174,0.474,0.32
"Run4_125728298232628",0.016,0.024,0.11,0.312,0.538
"Run4_125745298098036",0.208,0.588,0.048,0.08,0.076
"Run4_125745298291501",0.032,0.448,0.084,0.37,0.066
"Run4_125745325263726",0.008,0.048,0.026,0.894,0.024
"Run4_125745343944941",0.028,0.074,0.138,0.72,0.04
"Run4_125745344199091",0.054,0.146,0.14,0.232,0.428
"Run4_126132128005486",0.012,0.048,0.106,0.716,0.118
"Run4_126132128200630",0.016,0.062,0.198,0.686,0.038
"Run4_126132128500452",0.04,0.27,0.098,0.494,0.098
"Run4_126132128800156",0.012,0.048,0.02,0.91,0.01
"Run4_126132141381982",0.076,0.158,0.038,0.566,0.162
"Run4_126132159462771",0.756,0.198,0.032,0.008,0.006
"Run4_126149051926902",0.05,0.242,0.05,0.544,0.114
"Run4_126149052745526",0.17,0.6,0.076,0.09,0.064
"Run4_126149071067430",0.074,0.15,0.192,0.208,0.376
"Run4_126149071162742",0.03,0.058,0.056,0.55,0.306
"Run4_126218818148142",0.026,0.06,0.028,0.876,0.01
"Run4_126218818710238",0.918,0.048,0.002,0.004,0.028
"Run4_126218832627933",0.15,0.224,0.118,0.324,0.184
"Run4_126218845501230",0.254,0.134,0.37,0.142,0.1
"Run4_126218845961141",0.036,0.432,0.102,0.286,0.144
"Run4_126218845964661",0.094,0.472,0.07,0.262,0.102
"Run4_126218864355163",0.002,0.032,0.056,0.004,0.906
"Run4_126218864650676",0.194,0.628,0.044,0.06,0.074
"Run4_126227542817590",0.052,0.53,0.098,0.268,0.052
"Run4_126227542919516",0.006,0.082,0.304,0.5,0.108
"Run4_126227557039341",0.01,0.136,0.196,0.478,0.18
"Run4_126227557046070",0.086,0.732,0.06,0.074,0.048
"Run4_126227557243316",0.01,0.026,0.358,0.13,0.476
"Run4_126227557275374",0.052,0.108,0.034,0.772,0.034
"Run4_126227569366820",0.036,0.098,0.12,0.518,0.228
"Run4_126227569392476",0.022,0.04,0.032,0.836,0.07
"Run4_126227569621427",0.064,0.218,0.48,0.2,0.038
"Run4_126227588246750",0.026,0.07,0.24,0.498,0.166
"Run4_126227588791004",0.02,0.148,0.782,0.03,0.02
"Run4_126227588802285",0.04,0.32,0.212,0.274,0.154
"Run4_126293980141348",0.128,0.51,0.14,0.088,0.134
"Run4_126293980661533",0.046,0.094,0.22,0.522,0.118
"Run4_126293994757531",0.064,0.872,0.03,0.018,0.016
"Run4_126293995272043",0.01,0.028,0.044,0.804,0.114
"Run4_126294007335772",0.012,0.068,0.076,0.02,0.824
"Run4_126294026566566",0.084,0.36,0.138,0.384,0.034
"Run4_126364042279838",0.002,0.022,0.068,0.884,0.024
"Run4_126364069050716",0.036,0.086,0.074,0.032,0.772
"Run4_126364069287782",0.002,0.08,0.062,0.022,0.834
"Run4_126364087696755",0.04,0.118,0.048,0.77,0.024
"Run4_126364087900021",0.006,0.064,0.814,0.036,0.08
"Run4_126364087905005",0.058,0.04,0.224,0.618,0.06
"Run4_126364087905510",0.022,0.238,0.15,0.516,0.074
"Run4_126364088155371",0.022,0.054,0.408,0.318,0.198
"Run4_126680929782694",0.006,0.044,0.042,0.05,0.858
"Run4_126680929789814",0.012,0.028,0.158,0.266,0.536
"Run4_126680944201140",0.016,0.076,0.19,0.382,0.336
"Run4_126680957369771",0,0,0,0,1
"Run4_126680975730542",0.02,0.058,0.2,0.652,0.07
"Run4_126680975759790",0.084,0.162,0.048,0.41,0.296
"Run4_126680975988467",0.024,0.074,0.102,0.26,0.54
"Run4_126680976217949",0.004,0.064,0.874,0.028,0.03
"Run4_126681601142061",0.012,0.076,0.084,0.816,0.012
"Run4_126681615616421",0.006,0.408,0.062,0.448,0.076
"Run4_126681627872157",0.008,0.014,0.154,0.782,0.042
"Run4_126681646815132",0.042,0.082,0.136,0.69,0.05
"Run4_126681647049453",0.05,0.6,0.098,0.15,0.102
"Run4_126706324032926",0.05,0.22,0.108,0.44,0.182
"Run4_126706324223852",0.026,0.04,0.062,0.84,0.032
"Run4_126706324232987",0.024,0.046,0.05,0.758,0.122
"Run4_126706324233525",0.002,0.02,0.03,0.014,0.934
"Run4_126706343636326",0.006,0.02,0.5,0.226,0.248
"Run4_126707773105894",0.604,0.272,0.052,0.038,0.034
"Run4_126707788531571",0.18,0.606,0.082,0.074,0.058
"Run4_126707800401843",0.838,0.118,0.028,0.012,0.004
"Run4_126707800665315",0.062,0.298,0.216,0.182,0.242
"Run4_126707819506413",0.858,0.128,0.002,0.004,0.008
"Run4_126707819833054",0.03,0.036,0.016,0.904,0.014
"Run4_126765621266222",0.084,0.5,0.144,0.226,0.046
"Run4_126765621271260",0.024,0.094,0.688,0.036,0.158
"Run4_126765648702707",0.008,0.046,0.036,0.028,0.882
"Run4_126765667137964",0.044,0.13,0.218,0.368,0.24
"Run4_126776224102750",0.244,0.676,0.026,0.04,0.014
"Run4_126776224472427",0.006,0.072,0.054,0.012,0.856
"Run4_126776224631582",0.896,0.076,0.002,0.002,0.024
"Run4_126776224967005",0.072,0.2,0.188,0.456,0.084
"Run4_126776238819254",0.022,0.072,0.142,0.738,0.026
"Run4_126776238855982",0.18,0.542,0.074,0.078,0.126
"Run4_126776251899293",0.106,0.444,0.136,0.25,0.064
"Run4_126776251931483",0,0.054,0.012,0.008,0.926
"Run4_126776270318502",0.112,0.612,0.088,0.148,0.04
"Run4_126776271099742",0.012,0.032,0.826,0.016,0.114
"Run4_126834220845997",0.132,0.202,0.342,0.254,0.07
"Run4_126834220883372",0.088,0.342,0.13,0.41,0.03
"Run4_126834233760486",0.002,0.046,0.016,0.004,0.932
"Run4_126834234244003",0.014,0.066,0.046,0.858,0.016
"Run4_126834234285342",0.066,0.35,0.076,0.47,0.038
"Run4_126834252307822",0.068,0.344,0.06,0.472,0.056
"Run4_126834252630899",0.642,0.126,0.09,0.07,0.072
"Run4_126834252633822",0.018,0.07,0.106,0.056,0.75
"Run4_126835160693155",0.046,0.858,0.038,0.018,0.04
"Run4_126835160737501",0.026,0.022,0.118,0.798,0.036
"Run4_126835160956259",0.03,0.072,0.84,0.032,0.026
"Run4_126835173481885",0.046,0.172,0.114,0.306,0.362
"Run4_126835173739438",0.01,0.122,0.096,0.75,0.022
"Run4_126835173775662",0.008,0.076,0.13,0.016,0.77
"Run4_126835192150451",0.01,0.074,0.868,0.026,0.022
"Run4_126836622191451",0.144,0.588,0.06,0.178,0.03
"Run4_126836636804846",0.05,0.402,0.116,0.354,0.078
"Run4_126836649679270",0.05,0.242,0.202,0.456,0.05
"Run4_126836650134317",0.276,0.616,0.038,0.034,0.036
"Run4_126836669073710",0.024,0.9,0.04,0.004,0.032
"Run4_126836669073780",0.016,0.054,0.85,0.072,0.008
"Run4_126885745777500",0.032,0.074,0.158,0.03,0.706
"Run4_126885745838956",0.014,0.076,0.048,0.012,0.85
"Run4_126885760485302",0.024,0.076,0.326,0.328,0.246
"Run4_126885760784172",0.012,0.09,0.154,0.31,0.434
"Run4_126885773306787",0.248,0.618,0.052,0.044,0.038
"Run4_126885773822901",0.096,0.61,0.112,0.124,0.058
"Run4_126885773859179",0.054,0.168,0.158,0.412,0.208
"Run4_126885792795486",0.204,0.46,0.094,0.168,0.074
"Run4_126886685359012",0.006,0.052,0.024,0.016,0.902
"Run4_126886685359349",0.02,0.064,0.01,0.018,0.888
"Run4_126886685556019",0.088,0.126,0.158,0.138,0.49
"Run4_126886685825781",0.006,0.024,0.058,0.036,0.876
"Run4_126886700599133",0.052,0.124,0.334,0.238,0.252
"Run4_126886700825827",0.01,0.032,0.744,0.066,0.148
"Run4_126886713125724",0.042,0.092,0.078,0.054,0.734
"Run4_126886713386862",0,0,1,0,0
"Run4_129457491688822",0.064,0.208,0.05,0.194,0.484
"Run4_129457491929955",0.022,0.098,0.058,0.038,0.784
"Run4_129457506867427",0.122,0.728,0.026,0.098,0.026
"Run4_129457519708470",0.04,0.068,0.738,0.022,0.132
"Run4_129457538058668",0.12,0.096,0.428,0.062,0.294
"Run4_129457538329326",0.852,0.118,0.006,0.018,0.006
"Run4_129457538349940",0.148,0.548,0.092,0.132,0.08
"Run4_129497354620269",0,0,0,1,0
"Run4_129497354652469",0.02,0.11,0.06,0.792,0.018
"Run4_129497354684213",0.042,0.544,0.094,0.246,0.074
"Run4_129497369303262",0.008,0.046,0.024,0.908,0.014
"Run4_129497369303900",0.036,0.102,0.052,0.798,0.012
"Run4_129497381947316",0.074,0.428,0.096,0.348,0.054
"Run4_129497382115619",0.02,0.04,0.816,0.036,0.088
"Run4_129497382151987",0.006,0.012,0.088,0.84,0.054
"Run4_129497401249067",0.008,0.048,0.09,0.764,0.09
"Run4_129565671210277",0.012,0.154,0.788,0.034,0.012
"Run4_129565671512299",0.01,0.056,0.048,0.88,0.006
"Run4_129565671701293",0.03,0.044,0.032,0.856,0.038
"Run4_129565671745261",0.008,0.058,0.028,0.018,0.888
"Run4_129565671779052",0.016,0.07,0.774,0.072,0.068
"Run4_129565698677470",0.024,0.058,0.802,0.056,0.06
"Run4_129565699234094",0.066,0.114,0.074,0.416,0.33
"Run4_129565717621533",0.04,0.192,0.15,0.544,0.074
"Run4_129582985309044",0.098,0.606,0.054,0.156,0.086
"Run4_129582985497013",0.024,0.096,0.784,0.07,0.026
"Run4_129582985592221",0.094,0.374,0.126,0.356,0.05
"Run4_129582985828700",0.022,0.068,0.062,0.044,0.804
"Run4_129583032002916",0.03,0.65,0.026,0.262,0.032
"Run4_129583032162021",0.044,0.064,0.032,0.828,0.032
"Run4_129663530646894",0.022,0.096,0.748,0.038,0.096
"Run4_129663530821476",0.012,0.036,0.094,0.794,0.064
"Run4_129663530850526",0.042,0.056,0.224,0.576,0.102
"Run4_129663530919645",0.022,0.448,0.07,0.364,0.096
"Run4_129663543921453",0.182,0.618,0.062,0.066,0.072
"Run4_129978390767926",0.026,0.07,0.11,0.084,0.71
"Run4_129978418219877",0.13,0.62,0.068,0.106,0.076
"Run4_130057594071836",0.03,0.698,0.144,0.074,0.054
"Run4_130057606915939",0,0,1,0,0
"Run4_130057607240948",0.956,0.034,0.004,0.002,0.004
"Run4_130126432922459",0.01,0.046,0.044,0.03,0.87
"Run4_130126433146612",0.396,0.49,0.026,0.034,0.054
"Run4_130126433671915",0.052,0.438,0.168,0.266,0.076
"Run4_130126447786731",0.02,0.112,0.752,0.048,0.068
"Run4_130126448081643",0.408,0.524,0.038,0.024,0.006
"Run4_130126460111589",0.17,0.654,0.044,0.068,0.064
"Run4_130126460635380",0.112,0.57,0.122,0.13,0.066
"Run4_130126479289627",0.022,0.084,0.1,0.696,0.098
"Run4_130126479550812",0.046,0.566,0.062,0.268,0.058
"Run4_130134889323939",0.006,0.038,0.024,0.006,0.926
"Run4_130134889380206",0.014,0.038,0.192,0.694,0.062
"Run4_130134903733660",0.022,0.062,0.272,0.53,0.114
"Run4_130134915861341",0.002,0.006,0.062,0.016,0.914
"Run4_130134915902195",0.006,0.072,0.866,0.028,0.028
"Run4_130134916164899",0.048,0.186,0.116,0.322,0.328
"Run4_130134934768988",0.042,0.086,0.062,0.374,0.436
"Run4_130134935485860",0.128,0.364,0.054,0.374,0.08
"Run4_130142270581557",0.242,0.374,0.074,0.238,0.072
"Run4_130142271298979",0.084,0.59,0.078,0.194,0.054
"Run4_130142286047156",0.108,0.516,0.12,0.174,0.082
"Run4_130142297803558",0.034,0.094,0.356,0.244,0.272
"Run4_130142298069875",0.152,0.63,0.074,0.112,0.032
"Run4_130142298126126",0.056,0.384,0.06,0.476,0.024
"Run4_130142298127654",0.884,0.058,0.012,0.004,0.042
"Run4_130142298336179",0.092,0.23,0.37,0.186,0.122
"Run4_130142298659099",1,0,0,0,0
"Run4_130142316947294",0.578,0.4,0.016,0,0.006
"Run4_130142317537517",0.058,0.26,0.156,0.438,0.088
"Run4_130144686697374",0.082,0.338,0.112,0.35,0.118
"Run4_130144686946166",0.876,0.104,0.008,0.012,0
"Run4_130144701430572",0.096,0.424,0.144,0.23,0.106
"Run4_130144713726813",0.156,0.478,0.08,0.2,0.086
"Run4_130144714475947",0.008,0.02,0.322,0.48,0.17
"Run4_130144732600101",0.024,0.086,0.094,0.024,0.772
"Run4_130144733181734",0.046,0.108,0.364,0.07,0.412
"Run4_130144733412140",0.012,0.09,0.826,0.05,0.022
"Run4_130144733415733",0.034,0.146,0.168,0.62,0.032
"Run4_130184146962341",0.008,0.112,0.04,0.028,0.812
"Run4_130184146991460",0.042,0.062,0.688,0.164,0.044
"Run4_130184147004718",0.178,0.61,0.038,0.146,0.028
"Run4_130184147257766",0.126,0.702,0.044,0.036,0.092
"Run4_130184161421148",0.016,0.04,0.12,0.688,0.136
"Run4_130184174557939",0.35,0.518,0.07,0.032,0.03
"Run4_130184192911205",0.01,0.082,0.056,0.84,0.012
"Run4_130184192936371",0.034,0.486,0.076,0.34,0.064
"Run4_130184193206109",0.116,0.552,0.054,0.19,0.088
"Run4_130185503324012",0.01,0.032,0.278,0.622,0.058
"Run4_130185503820724",0.028,0.066,0.478,0.254,0.174
"Run4_130185516701998",0.004,0.038,0.018,0.008,0.932
"Run4_130185534827748",0.02,0.056,0.16,0.732,0.032
"Run4_130185535306013",0.052,0.24,0.048,0.576,0.084
"Run4_130194227447726",0.018,0.024,0.156,0.652,0.15
"Run4_130194227489708",0.01,0.106,0.156,0.062,0.666
"Run4_130194227514652",0.032,0.07,0.164,0.716,0.018
"Run4_130194227747676",0.176,0.698,0.052,0.03,0.044
"Run4_130194240822060",0.052,0.086,0.678,0.042,0.142
"Run4_130194259688686",0.03,0.078,0.104,0.766,0.022
"Run4_130203904260851",0.026,0.384,0.102,0.228,0.26
"Run4_130529086781342",0.018,0.046,0.104,0.668,0.164
"Run4_130529086818542",0.06,0.104,0.48,0.108,0.248
"Run4_130529100774814",0.074,0.388,0.066,0.334,0.138
"Run4_130529101532508",0.006,0.038,0.338,0.536,0.082
"Run4_130529113782572",0.106,0.146,0.122,0.018,0.608
"Run4_130529113819493",0.07,0.328,0.094,0.324,0.184
"Run4_130529132202332",0.044,0.12,0.078,0.726,0.032
"Run4_130529132723550",0.106,0.152,0.492,0.118,0.132
"Run4_130529132926812",0.278,0.582,0.062,0.048,0.03
"Run4_130531368060718",0.016,0.046,0.246,0.48,0.212
"Run4_130531382486963",0.036,0.074,0.118,0.04,0.732
"Run4_130624783240604",0.296,0.556,0.046,0.046,0.056
"Run4_130624798276324",0.72,0.242,0.012,0.016,0.01
"Run4_130624798508909",0.056,0.536,0.098,0.272,0.038
"Run4_130624810796893",0.086,0.37,0.056,0.466,0.022
"Run4_130624830160110",0.12,0.342,0.094,0.338,0.106
"Run4_130675115223459",0.102,0.758,0.028,0.06,0.052
"Run4_130675143007539",0.052,0.434,0.176,0.236,0.102
"Run4_130693100129694",0.028,0.058,0.712,0.044,0.158
"Run4_130693115301102",0.05,0.302,0.068,0.48,0.1
"Run4_130693115308388",0.014,0.034,0.05,0.89,0.012
"Run4_130693115627438",0.14,0.536,0.074,0.226,0.024
"Run4_130693146729315",0.054,0.086,0.172,0.59,0.098
"Run4_130736318245604",0.082,0.396,0.086,0.41,0.026
"Run4_130736318737710",0,0,0,0,1
"Run4_130736332883894",0.028,0.106,0.82,0.022,0.024
"Run4_130736333405099",0.068,0.14,0.12,0.55,0.122
"Run4_130736333471003",0.862,0.08,0.014,0.018,0.026
"Run4_130736333471020",0.012,0.074,0.086,0.802,0.026
"Run4_130736333643108",0.006,0.034,0.18,0.372,0.408
"Run4_130736365160732",0.06,0.166,0.1,0.458,0.216
"Run4_130754437867933",0.036,0.192,0.132,0.318,0.322
"Run4_130754452543710",0.016,0.01,0.904,0.052,0.018
"Run4_130754452774182",0.034,0.056,0.094,0.79,0.026
"Run4_130754465193270",0.04,0.074,0.136,0.696,0.054
"Run4_130754465351916",0.89,0.068,0.012,0.002,0.028
"Run4_130754465458027",0.144,0.66,0.072,0.096,0.028
"Run4_130761014603109",0.144,0.526,0.124,0.172,0.034
"Run4_130761029764851",0.08,0.062,0.014,0.008,0.836
"Run4_130761042282796",0.016,0.068,0.06,0.012,0.844
"Run4_130761061195188",0.024,0.058,0.11,0.362,0.446
"Run4_131089713515934",0.02,0.06,0.152,0.754,0.014
"Run4_131089728129452",0.022,0.106,0.044,0.056,0.772
"Run4_131089728190190",0.112,0.4,0.07,0.21,0.208
"Run4_131089728203500",0.032,0.106,0.058,0.042,0.762
"Run4_131089728235884",0.028,0.072,0.09,0.644,0.166
"Run4_131089759922011",0.072,0.12,0.166,0.584,0.058
"Run4_131097901088157",0.018,0.058,0.114,0.782,0.028
"Run4_131097901316828",0.11,0.12,0.146,0.152,0.472
"Run4_131097928022955",0.81,0.188,0,0.002,0
"Run4_131097928100724",0.08,0.334,0.074,0.438,0.074
"Run4_131097928330142",0.364,0.512,0.03,0.05,0.044
"Run4_131097928816924",0.14,0.672,0.03,0.108,0.05
"Run4_131097946962348",0.014,0.024,0.368,0.352,0.242
"Run4_131097947127195",0.026,0.044,0.304,0.084,0.542
"Run4_131175210441444",0.548,0.216,0.098,0.094,0.044
"Run4_131175225707747",0.018,0.1,0.168,0.606,0.108
"Run4_131175256546094",0.002,0.034,0.006,0,0.958
"Run4_131217354877294",0.036,0.09,0.126,0.596,0.152
"Run4_131217355066732",0.026,0.082,0.082,0.63,0.18
"Run4_131217369819939",0.16,0.318,0.16,0.228,0.134
"Run4_131217370073829",0.014,0.05,0.042,0.868,0.026
"Run4_131217382107933",0.02,0.108,0.028,0.02,0.824
"Run4_131217400708342",0.11,0.494,0.078,0.206,0.112
"Run4_131217401166134",0.01,0.134,0.8,0.036,0.02
"Run4_131234266495789",0.02,0.076,0.044,0.846,0.014
"Run4_131234280914166",0.54,0.422,0.008,0.006,0.024
"Run4_131234281244509",0.114,0.804,0.028,0.03,0.024
"Run4_131234293504795",0.02,0.074,0.114,0.738,0.054
"Run4_131234294025451",0.01,0.036,0.014,0.916,0.024
"Run4_131234312121629",0.006,0.032,0.03,0.008,0.924
"Run4_131234312146284",0.188,0.468,0.08,0.198,0.066
"Run4_131234312154540",0.012,0.076,0.836,0.03,0.046
"Run4_131234312894774",0.736,0.22,0.018,0.002,0.024
"Run4_131242050665260",0.012,0.032,0.046,0.896,0.014
"Run4_131242050939755",0.838,0.15,0.004,0.006,0.002
"Run4_131242051128684",0.008,0.016,0.382,0.29,0.304
"Run4_131242051389862",0.012,0.086,0.052,0.832,0.018
"Run4_131242065508790",0.018,0.122,0.154,0.508,0.198
"Run4_131242065607022",0.198,0.616,0.074,0.078,0.034
"Run4_131242065837411",0.234,0.592,0.036,0.096,0.042
"Run4_131242078170357",0.008,0.074,0.814,0.08,0.024
"Run4_131242097031516",0.026,0.036,0.082,0.23,0.626
"Run4_131293456284381",0.026,0.048,0.288,0.022,0.616
"Run4_131293456787380",0.016,0.314,0.084,0.48,0.106
"Run4_131293471271715",0.024,0.152,0.196,0.404,0.224
"Run4_131293471430884",0,0,0,0,1
"Run4_131293483755363",0.044,0.406,0.084,0.402,0.064
"Run4_131293502367541",0.474,0.464,0.014,0.03,0.018
"Run4_131293502887853",0,0.028,0.128,0.598,0.246
"Run4_131309562153836",0.06,0.296,0.414,0.1,0.13
"Run4_131309577292083",0.094,0.286,0.142,0.434,0.044
"Run4_131309590145332",0.052,0.054,0.084,0.044,0.766
"Run4_131310501607789",0.108,0.49,0.154,0.142,0.106
"Run4_131310501915060",0.042,0.098,0.068,0.782,0.01
"Run4_131310516333932",0.112,0.842,0.028,0.008,0.01
"Run4_131310516590814",0.006,0.128,0.722,0.024,0.12
"Run4_131310529137381",0.036,0.036,0.004,0.014,0.91
"Run4_133829902621022",0.012,0.04,0.104,0.584,0.26
"Run4_133829902874925",0,0,1,0,0
"Run4_133829917330675",0.028,0.12,0.132,0.02,0.7
"Run4_133829918121182",0.004,0.014,0.34,0.064,0.578
"Run4_133829930108780",0.01,0.082,0.052,0.034,0.822
"Run4_133829930109669",0.038,0.62,0.058,0.208,0.076
"Run4_133829949343589",0.006,0.04,0.04,0.006,0.908
"Run4_133854464731940",0.06,0.568,0.086,0.258,0.028
"Run4_133854465215788",0.012,0.018,0.218,0.618,0.134
"Run4_133854510832437",0.05,0.36,0.188,0.32,0.082
"Run4_133854510868318",0.062,0.414,0.142,0.34,0.042
"Run4_133895267445470",0.012,0.108,0.834,0.02,0.026
"Run4_133895281851236",0.7,0.238,0.018,0.024,0.02
"Run4_133895282158836",0.154,0.326,0.124,0.334,0.062
"Run4_133895294208868",0.004,0.008,0.742,0.034,0.212
"Run4_133895294672293",0.038,0.096,0.106,0.548,0.212
"Run4_133895312850291",0.076,0.704,0.112,0.042,0.066
"Run4_133974589631286",0.032,0.034,0.178,0.374,0.382
"Run4_133974590114030",0.382,0.562,0.024,0.016,0.016
"Run4_133974603975516",0.016,0.032,0.074,0.798,0.08
"Run4_133974604798197",0.098,0.536,0.046,0.29,0.03
"Run4_133974617123676",0.01,0.028,0.892,0.052,0.018
"Run4_133974617344747",0.032,0.16,0.164,0.606,0.038
"Run4_133974635801524",0.018,0.062,0.112,0.736,0.072
"Run4_133974636259563",0.054,0.062,0.044,0.584,0.256
"Run4_133982152218341",0.054,0.104,0.042,0.788,0.012
"Run4_134033645096348",0.062,0.112,0.142,0.422,0.262
"Run4_134033645135590",0.012,0.048,0.042,0.874,0.024
"Run4_134033659874678",0.02,0.06,0.742,0.092,0.086
"Run4_134033672984870",0.114,0.62,0.07,0.074,0.122
"Run4_134033691335461",0.11,0.45,0.06,0.336,0.044
"Run4_134041162107302",0.006,0.024,0.058,0.9,0.012
"Run4_134041176492980",0.136,0.552,0.11,0.158,0.044
"Run4_134041208208622",0.016,0.06,0.074,0.528,0.322
"Run4_134041208273197",0.126,0.758,0.038,0.048,0.03
"Run4_134376302950822",0.02,0.086,0.496,0.302,0.096
"Run4_134376303277996",0.188,0.702,0.038,0.044,0.028
"Run4_134376317636020",0.012,0.06,0.01,0.016,0.902
"Run4_134376317638444",0.006,0.04,0.054,0.02,0.88
"Run4_134376318164197",0.05,0.128,0.034,0.48,0.308
"Run4_134376318188459",0.164,0.396,0.08,0.282,0.078
"Run4_134376331074867",0.026,0.062,0.272,0.018,0.622
"Run4_134376349616557",0.022,0.046,0.886,0.026,0.02
"Run4_134377525631211",0.446,0.49,0.018,0.034,0.012
"Run4_134377538219363",0.006,0.048,0.886,0.012,0.048
"Run4_134447975255283",0.03,0.506,0.104,0.32,0.04
"Run4_134447975750454",0.004,0.048,0.088,0.03,0.83
"Run4_134447976003501",0.004,0.062,0.838,0.016,0.08
"Run4_134447990232886",0.006,0.016,0.09,0.38,0.508
"Run4_134447990758622",0.046,0.158,0.154,0.112,0.53
"Run4_134448002525940",0.012,0.084,0.838,0.042,0.024
"Run4_134448002779892",0.008,0.06,0.8,0.08,0.052
"Run4_134448003005795",0.142,0.72,0.06,0.028,0.05
"Run4_134448021978540",0.008,0.036,0.028,0.92,0.008
"Run4_134472805832436",0.054,0.094,0.17,0.46,0.222
"Run4_134472806385372",0.016,0.034,0.144,0.674,0.132
"Run4_134472821029213",0.072,0.168,0.1,0.344,0.316
"Run4_134472821070043",0.122,0.386,0.138,0.298,0.056
"Run4_134472832797478",0.064,0.062,0.344,0.068,0.462
"Run4_134472833558963",0.046,0.08,0.026,0.81,0.038
"Run4_134472851635099",0.014,0.014,0.168,0.74,0.064
"Run4_134472851941214",0.014,0.028,0.082,0.786,0.09
"Run4_134472852463028",0.014,0.052,0.162,0.708,0.064
"Run4_134522332629341",0.03,0.068,0.77,0.102,0.03
"Run4_134522346585507",0.01,0.054,0.024,0.896,0.016
"Run4_134522359664027",0.04,0.174,0.214,0.296,0.276
"Run4_134522359991022",0.064,0.622,0.084,0.204,0.026
"Run4_134522378087275",0.026,0.056,0.096,0.756,0.066
"Run4_134522378245870",0.016,0.13,0.05,0.018,0.786
"Run4_134530788379573",0.182,0.632,0.058,0.056,0.072
"Run4_134530802235756",0.02,0.036,0.156,0.702,0.086
"Run4_134530802792365",0.14,0.386,0.108,0.156,0.21
"Run4_134530802802021",0.03,0.584,0.114,0.214,0.058
"Run4_134530802829741",0.032,0.078,0.246,0.516,0.128
"Run4_134530815449317",0.008,0.038,0.9,0.016,0.038
"Run4_134531727603501",0.054,0.382,0.186,0.296,0.082
"Run4_134531742587125",0.814,0.166,0.002,0.002,0.016
"Run4_134531773754590",0.066,0.268,0.126,0.486,0.054
"Run4_134539646032693",0.022,0.04,0.238,0.098,0.602
"Run4_134539646225835",0.01,0.038,0.236,0.59,0.126
"Run4_134539674041203",0.04,0.094,0.748,0.042,0.076
"Run4_134539692072302",0.018,0.032,0.636,0.068,0.246
"Run4_134539692369758",0.01,0.042,0.16,0.03,0.758
"Run4_134539692881651",0.19,0.654,0.04,0.072,0.044
"Run4_134540451802414",0.014,0.024,0.044,0.008,0.91
"Run4_134540466474222",0.062,0.082,0.08,0.628,0.148
"Run4_134540466505581",0.018,0.094,0.024,0.01,0.854
"Run4_134540479122854",0.214,0.726,0.032,0.004,0.024
"Run4_134592125122405",0.088,0.304,0.15,0.388,0.07
"Run4_134592139807077",0.06,0.822,0.044,0.022,0.052
"Run4_134592140040940",0.016,0.022,0.104,0.736,0.122
"Run4_134592152354101",0.016,0.106,0.784,0.046,0.048
"Run4_134592171981109",0.026,0.194,0.686,0.046,0.048
"Run4_134600581045533",0.082,0.162,0.14,0.232,0.384
"Run4_134600595815788",0.032,0.1,0.022,0.832,0.014
"Run4_134600608299445",0.228,0.682,0.03,0.042,0.018
"Run4_134600626988843",0.022,0.226,0.332,0.344,0.076
"Run4_134936676650349",0.186,0.108,0.412,0.208,0.086
"Run4_134936677205734",0.018,0.106,0.112,0.046,0.718
"Run4_134936689499357",0.292,0.656,0.026,0.006,0.02
"Run4_134936689588014",0.054,0.132,0.396,0.308,0.11
"Run4_134936690116531",0.026,0.036,0.02,0.038,0.88
"Run4_134936708167980",0.7,0.24,0.032,0.016,0.012
"Run4_134938004450589",0.012,0.04,0.042,0.012,0.894
"Run4_134938004778204",0.036,0.102,0.044,0.592,0.226
"Run4_134938019616500",0.294,0.632,0.022,0.028,0.024
"Run4_134938019682548",0.012,0.268,0.122,0.514,0.084
"Run4_134938050837294",0.054,0.404,0.162,0.33,0.05
"Run4_135014240151787",0.036,0.074,0.192,0.088,0.61
"Run4_135014240185701",0.056,0.292,0.226,0.33,0.096
"Run4_135014254795572",0.168,0.38,0.092,0.244,0.116
"Run4_135014255324531",0.012,0.05,0.136,0.04,0.762
"Run4_135014255343900",0.52,0.306,0.076,0.042,0.056
"Run4_135014267930867",0.096,0.71,0.078,0.06,0.056
"Run4_135014286220019",0.084,0.626,0.064,0.058,0.168
"Run4_135014286482275",0.068,0.502,0.07,0.256,0.104
"Run4_135064438069492",0.04,0.646,0.026,0.24,0.048
"Run4_135064452000492",0.108,0.186,0.126,0.318,0.262
"Run4_135064484013917",0.158,0.732,0.038,0.024,0.048
"Run4_135064484268966",0.03,0.172,0.182,0.382,0.234
"Run4_135081885559019",0.02,0.048,0.206,0.52,0.206
"Run4_135081886378805",0.01,0.03,0.324,0.034,0.602
"Run4_135081886402333",0.028,0.1,0.038,0.808,0.026
"Run4_135081912854884",0.456,0.512,0.014,0.006,0.012
"Run4_135081913338204",0.022,0.052,0.138,0.732,0.056
"Run4_135081913440485",0.232,0.576,0.03,0.082,0.08
"Run4_135081913600813",0.638,0.336,0.014,0.006,0.006
"Run4_135081931692774",0.018,0.06,0.31,0.116,0.496
"Run4_135081932573534",0.002,0.02,0.38,0.306,0.292
"Run4_135149128636779",0.118,0.608,0.094,0.148,0.032
"Run4_135149155899102",0.738,0.224,0.01,0.012,0.016
"Run4_135149156194140",0.354,0.268,0.084,0.186,0.108
"Run4_135149175094558",0.086,0.564,0.122,0.114,0.114
"Run4_135149175106931",0.02,0.068,0.064,0.038,0.81
"Run4_135149175555995",0.132,0.694,0.042,0.066,0.066
"Run4_135149175618862",0.166,0.484,0.106,0.17,0.074
"Run4_135150470879068",0.188,0.274,0.082,0.34,0.116
"Run4_135150498179827",0.126,0.608,0.054,0.168,0.044
"Run4_135150498626486",0.006,0.054,0.84,0.04,0.06
"Run4_135150498639141",0.05,0.122,0.066,0.614,0.148
"Run4_135150498856286",0.07,0.514,0.078,0.25,0.088
"Run4_135150517578011",0.002,0.026,0.022,0.002,0.948
"Run4_135150517804379",0.084,0.322,0.19,0.244,0.16
"Run4_135571512376109",0.014,0.082,0.816,0.016,0.072
"Run4_135571527351589",0.016,0.066,0.152,0.716,0.05
"Run4_135571539712740",0.01,0.046,0.118,0.798,0.028
"Run4_135699958553884",0.022,0.058,0.108,0.78,0.032
"Run4_135699972929324",0.316,0.324,0.154,0.1,0.106
"Run4_135699973654387",0.062,0.586,0.114,0.198,0.04
"Run4_135699973696883",0.034,0.138,0.17,0.06,0.598
"Run4_135700004653939",0.004,0.01,0.09,0.834,0.062
"Run4_155842564548397",0.014,0.062,0.118,0.59,0.216
"Run4_155842577021302",0.096,0.338,0.044,0.446,0.076
"Run4_155842595899764",0.022,0.046,0.12,0.022,0.79
"Run4_155888869657388",0.012,0.11,0.03,0.01,0.838
"Run4_155888900754843",0.02,0.09,0.116,0.004,0.77
"Run4_155888901638876",0.008,0.058,0.004,0.012,0.918
"Run4_155911417937140",0.316,0.404,0.042,0.184,0.054
"Run4_155911417972595",0.018,0.036,0.268,0.336,0.342
"Run4_155911430487349",0.322,0.504,0.05,0.078,0.046
"Run4_155911430715766",0.024,0.13,0.062,0.016,0.768
"Run4_155911430977836",1,0,0,0,0
"Run4_155971398822774",0.05,0.136,0.39,0.098,0.326
"Run4_155971399338726",0.032,0.054,0.454,0.082,0.378
"Run4_155971413489590",0.032,0.038,0.878,0.028,0.024
"Run4_155971426040245",0.022,0.124,0.056,0.02,0.778
"Run4_155971444759390",0.288,0.662,0.024,0.01,0.016
"Run4_155971444919204",0.014,0.184,0.144,0.344,0.314
"Run4_155972606778084",0.046,0.092,0.08,0.752,0.03
"Run4_155972606847205",0.038,0.72,0.05,0.04,0.152
"Run4_155972607032755",0.028,0.092,0.158,0.346,0.376
"Run4_155972607096620",0.038,0.082,0.23,0.08,0.57
"Run4_155972621262251",0.78,0.184,0.01,0.014,0.012
"Run4_155972621485925",0.004,0.08,0.022,0.014,0.88
"Run4_155972634078110",0.89,0.084,0.008,0.01,0.008
"Run4_155972652624283",0.04,0.158,0.216,0.492,0.094
"Run4_155972652713910",0.002,0.036,0.006,0.012,0.944
"Run4_156024160827821",0.078,0.314,0.112,0.35,0.146
"Run4_156024161097516",0.006,0.036,0.154,0.24,0.564
"Run4_156024161328475",0.028,0.126,0.16,0.282,0.404
"Run4_156024173411190",0.142,0.224,0.108,0.45,0.076
"Run4_156024173948316",0.036,0.062,0.09,0.722,0.09
"Run4_156024193108902",0.21,0.704,0.024,0.034,0.028
"Run4_156453535894324",0.012,0.076,0.028,0.866,0.018
"Run4_156463306534126",0,0,0,1,0
"Run4_156463306828011",0.628,0.324,0.014,0.016,0.018
"Run4_156463307344229",0.06,0.104,0.446,0.064,0.326
"Run4_156463321468261",0.05,0.146,0.044,0.686,0.074
"Run4_156463321790822",0.044,0.146,0.146,0.484,0.18
"Run4_156463321958820",0.004,0.026,0.322,0.016,0.632
"Run4_156463321959284",0.012,0.042,0.038,0.024,0.884
"Run4_156463322033396",0.01,0.03,0.066,0.806,0.088
"Run4_156463333788526",0.09,0.422,0.064,0.37,0.054
"Run4_156463334570933",0.234,0.614,0.058,0.036,0.058
"Run4_156463352985446",0.012,0.05,0.042,0.876,0.02
"Run4_156463353247526",0.02,0.104,0.17,0.234,0.472
"Run4_156515919875435",0.09,0.156,0.236,0.334,0.184
"Run4_156515934517612",0.128,0.38,0.094,0.37,0.028
"Run4_156515934883044",0.382,0.578,0.028,0.006,0.006
"Run4_156515947727276",0.864,0.092,0.014,0.01,0.02
"Run4_156515966864294",0.024,0.084,0.02,0.026,0.846
"Run4_156933471980844",0.006,0.066,0.02,0.034,0.874
"Run4_156933499279212",0.022,0.022,0.136,0.744,0.076
"Run4_157004338227038",0.104,0.47,0.07,0.256,0.1
"Run4_157004353101211",0.088,0.092,0.316,0.124,0.38
"Run4_157004366211318",0.052,0.492,0.106,0.296,0.054
"Run4_157004366240046",0.014,0.038,0.258,0.594,0.096
"Run4_157004384294772",0.138,0.468,0.074,0.196,0.124
"Run4_157071983896430",0.012,0.024,0.204,0.724,0.036
"Run4_157071998936797",0.098,0.4,0.126,0.322,0.054
"Run4_157072011778277",0.01,0.018,0.096,0.858,0.018
"Run4_157072011967413",0.808,0.148,0.01,0.012,0.022
"Run4_157072030088547",0.05,0.062,0.09,0.668,0.13
"Run4_157072030325022",0.334,0.48,0.064,0.074,0.048
"Run4_157072030809326",0.218,0.754,0.01,0.012,0.006
"Run4_157072030849387",0.034,0.024,0.11,0.018,0.814
"Run4_157140450199860",0.062,0.12,0.074,0.046,0.698
"Run4_157140463074525",0.01,0.032,0.024,0.918,0.016
"Run4_157140481390493",0.954,0.026,0.006,0.008,0.006
"Run4_157477590186915",0.02,0.044,0.094,0.662,0.18
"Run4_157477604838812",0.028,0.142,0.112,0.056,0.662
"Run4_157477617129885",0.012,0.036,0.58,0.158,0.214
"Run4_157477617912621",0.088,0.206,0.142,0.52,0.044
"Run4_157486582746539",0.042,0.126,0.142,0.552,0.138
"Run4_157486597199662",0.006,0.016,0.162,0.432,0.384
"Run4_157486610041757",0.032,0.602,0.06,0.212,0.094
"Run4_157486610049956",0.01,0.084,0.046,0.012,0.848
"Run4_157486629207398",0.016,0.036,0.054,0.89,0.004
"Run4_157486629370165",0.038,0.052,0.144,0.614,0.152
"Run4_157536914132331",0.002,0.05,0.022,0.018,0.908
"Run4_157536928819436",0.022,0.048,0.262,0.216,0.452
"Run4_157536928848796",0.262,0.654,0.026,0.042,0.016
"Run4_157536928852270",0.272,0.376,0.108,0.146,0.098
"Run4_157536941915062",0.022,0.026,0.092,0.516,0.344
"Run4_157537720220574",0.232,0.688,0.024,0.024,0.032
"Run4_157537734150365",0.09,0.196,0.13,0.472,0.112
"Run4_157537734711526",0.062,0.328,0.12,0.424,0.066
"Run4_157537746671341",0.154,0.226,0.112,0.392,0.116
"Run4_157537746930542",0.042,0.122,0.11,0.53,0.196
"Run4_157537765583219",0.232,0.648,0.026,0.03,0.064
"Run4_157537766074725",0.064,0.206,0.072,0.558,0.1
"Run4_157562550019998",0.014,0.03,0.076,0.866,0.014
"Run4_157562550049500",0.09,0.44,0.09,0.336,0.044
"Run4_157562550213476",0.338,0.544,0.048,0.038,0.032
"Run4_157562550479158",0.034,0.104,0.22,0.03,0.612
"Run4_157562564695862",0.006,0.032,0.748,0.062,0.152
"Run4_157562577479966",0.014,0.062,0.152,0.67,0.102
"Run4_157562577804595",0.01,0.054,0.036,0.89,0.01
"Run4_157562596088243",0.132,0.376,0.118,0.298,0.076
"Run4_157613969795507",0.014,0.122,0.068,0.752,0.044
"Run4_157613970578164",0.058,0.012,0.846,0.06,0.024
"Run4_157613970647844",0,0,1,0,0
"Run4_157613982443444",0.006,0.014,0.168,0.28,0.532
"Run4_157613983153587",0.056,0.5,0.12,0.236,0.088
"Run4_157684150947246",0.28,0.386,0.074,0.164,0.096
"Run4_157684165896621",0.018,0.11,0.082,0.606,0.184
"Run4_157684165961579",0.032,0.18,0.082,0.306,0.4
"Run4_157684166511966",0.062,0.168,0.072,0.456,0.242
"Run4_157690325322155",0.024,0.082,0.032,0.014,0.848
"Run4_157690352494942",0.094,0.722,0.06,0.06,0.064
"Run4_160447829068124",0.008,0.112,0.784,0.05,0.046
"Run4_160447874644316",0,0,0,0,1
"Run4_160447874844573",0.006,0.078,0.642,0.148,0.126
"Run4_160447875206493",0.028,0.07,0.094,0.776,0.032
"Run4_160785117853470",0.016,0.872,0.034,0.048,0.03
"Run4_160785117900078",0.278,0.512,0.056,0.09,0.064
"Run4_160785132837277",0.052,0.804,0.074,0.02,0.05
"Run4_160785145388323",0.11,0.668,0.072,0.074,0.076
"Run4_160903140923115",0.004,0.046,0.85,0.01,0.09
"Run4_160903141158118",0.054,0.094,0.226,0.456,0.17
"Run4_160910638205286",0.018,0.034,0.074,0.01,0.864
"Run4_160910638701981",0.132,0.658,0.07,0.124,0.016
"Run4_160910657313564",0.068,0.114,0.128,0.632,0.058
"Run4_160928730367731",0.93,0.056,0.004,0.004,0.006
"Run4_160928730836315",0.046,0.122,0.07,0.656,0.106
"Run4_160928731187629",0.004,0.08,0.85,0.032,0.034
"Run4_160928744992052",0.758,0.208,0.016,0.016,0.002
"Run4_160928745614580",0.214,0.326,0.214,0.18,0.066
"Run4_160928758131548",0.018,0.074,0.814,0.062,0.032
"Run4_160928758380782",0.866,0.098,0.01,0.006,0.02
"Run4_160928758389020",0.004,0.052,0.078,0.852,0.014
"Run4_160928776739621",0.024,0.36,0.088,0.444,0.084
"Run4_160928776776491",0.074,0.606,0.064,0.2,0.056
"Run4_160928776964910",0.018,0.038,0.284,0.06,0.6
"Run4_160990068135668",0.018,0.612,0.052,0.218,0.1
"Run4_160990083368878",0.036,0.44,0.086,0.272,0.166
"Run4_160990095325621",0.084,0.518,0.068,0.296,0.034
"Run4_160990095927006",0,0.014,0.958,0.02,0.008
"Run4_160990114004323",0.058,0.588,0.034,0.28,0.04
"Run4_160990114761444",0.036,0.09,0.204,0.008,0.662
"Run4_160990114793756",0.266,0.61,0.046,0.04,0.038
"Run4_160996510514102",0.104,0.152,0.15,0.554,0.04
"Run4_160996510590878",0.088,0.846,0.01,0.012,0.044
"Run4_160996510775158",0.024,0.062,0.174,0.624,0.116
"Run4_160996525754270",0.04,0.088,0.108,0.018,0.746
"Run4_160996537592540",0.03,0.066,0.028,0.866,0.01
"Run4_160996537887645",0.136,0.018,0.038,0.006,0.802
"Run4_160996537888035",0.188,0.726,0.028,0.026,0.032
"Run4_160996538375475",0.022,0.026,0.06,0.736,0.156
